1000
1067.5163497258
1097.314239224
1097.3221831733
1179.1129718155
1240.7730467568
1321.1606741975
1376.6566200749
1409.0146814227
1463.7936423562
1530.8590936209
1590.136420695
1667.2063465624
1616.9826898173
1655.1443489462
1694.3721580558
1755.1411870719
1828.638260979
1857.7489573714
1864.609152959
1934.5155849047
1977.2694188851
1974.3681681775
2003.5189346141
2027.4005179697
2157.0816263568
2182.7298495241
2177.3728517719
2122.1554114381
2275.6685308697
2144.4821980145
1994.950158282
2124.5663337572
2223.3771847079
2338.6045155667
2435.9382380608
2558.5702931283
2570.3906397547
2662.2862515894
2608.395789467
2575.494629718
2667.3618825726
3166.8452793777
3299.3746223539
3439.2131276653
3266.8479304851
3606.7447434464
3688.1803480252
4067.6463024174
3903.9542610149
3829.1748831799
3462.8299781116
3031.5707807209
3533.4898225248
5261.4337509364
4900.8133260363
6245.4740455167
8015.9348932281
8998.6574366861
10219.5748557426
11774.6078531537
11968.218313531
15263.1734101954
17202.9396182326
18859.5036895281
17726.4757614863
19754.8611100705
22992.1118657303
26448.3869400382
27951.7585562404
29929.1775296773
29176.0949240885
31719.9062510447
33978.1474216103
44503.5024501922
50552.6469772476
58833.3448666805
62528.6546851399
75535.5747432664
67154.493087166
83120.7803118241
89578.5784614563
95494.5055416468
111519.99949323
102797.463577333
97711.96779737
91286.8653578329
93973.5905602897
95101.0233989784
89215.8345499402
97334.4199884456
108793.340711329
