343
205
97
72
95
93
132
168
177
139
134
129
128
106
137
147
182
172
177
178
182
226
271
275
264
360
468
502
484
509
664
626
720
609
733
875
930
774
927
936
813
765
887
953
887
679
835
974
861
877
888
933
850
896
1233
1207
1329
1767
2596
2032
2693
2614
3044
3257
3651
3913
4611
5616
7622
7539
10337
10651
8847
7592
9275
10080
10569
11679
13358
10851
9496
10015
11613
13091
14810
17098
16528
18400
22405
26458
26917
24331
