0.488
0.33
0.304
0.25
0.43
0.54
0.58
0.45
0.44
0.43
0.35
0.35
0.35
0.45
0.45
0.45
0.708
0.867
0.746
0.7
0.73
0.8
0.88
0.833
0.853
0.9
0.9
0.9
0.9
0.9
0.9
0.9
1
1.2
1.29
1.29
1.29
1.29
2.06
1.96
1.807
1.635
1.394
1.976
3.137
4.391
4.085
4.347
4.706
5.93
21.793
16.393
8.43
10.58
9.12
6.69
5.88
5.36
6.79
6.1
5.54
4.068
3.909
3.71
4.968
4.769
5.148
4.73
5.94
5.549
5.218
4.95
4.37
4.59
4.87
6.67
7.32
11.54
13.38
14.99
14.67
20.19
35.12
31.15
23.79
19.08
15.68
17.14
17.04
15.71
16.21
16.37
